Q4a. Most used call type per taxi (all trips). Ties broken alphabetically (A < B < C); n_tied = number of call types sharing the top count.

  taxi_id  most_used_call_type      n_trips_of_type    n_trips_total    pct_of_taxi_trips    n_tied
---------  ---------------------  -----------------  ---------------  -------------------  --------
 20000001  B                                   1311             2755                 47.6         1
 20000002  B                                   1576             3869                 40.7         1
 20000003  C                                    844             1898                 44.5         1
 20000004  B                                   2680             4935                 54.3         1
 20000005  B                                   3034             6093                 49.8         1
 20000006  B                                   1702             3363                 50.6         1
 20000007  B                                   2770             5581                 49.6         1
 20000008  B                                   2665             4848                 55           1
 20000009  B                                   2099             4775                 44           1
 20000010  B                                   2842             5973                 47.6         1
 20000011  B                                   2622             5963                 44           1
 20000012  B                                   2257             5546                 40.7         1
 20000013  B                                   2581             5006                 51.6         1
 20000014  B                                   2523             4145                 60.9         1
 20000015  B                                   2819             4963                 56.8         1
 20000017  B                                   1129             2732                 41.3         1
 20000018  B                                    958             1755                 54.6         1
 20000020  B                                   2304             4248                 54.2         1
 20000021  B                                   1901             3313                 57.4         1
 20000022  B                                   1990             4014                 49.6         1
 20000023  B                                   1346             2590                 52           1
 20000024  B                                    765             2113                 36.2         1
 20000026  B                                   1395             2532                 55.1         1
 20000027  B                                   1375             2053                 67           1
 20000030  B                                   2247             3375                 66.6         1
 20000031  B                                   2839             5792                 49           1
 20000032  B                                   1438             3236                 44.4         1
 20000036  C                                   1637             3636                 45           1
 20000037  C                                   1673             2420                 69.1         1
 20000038  C                                   1758             4100                 42.9         1
 20000039  B                                   2178             3858                 56.5         1
 20000040  B                                   1761             2219                 79.4         1
 20000041  B                                   2279             3903                 58.4         1
 20000042  B                                   2591             6467                 40.1         1
 20000044  B                                   1683             3123                 53.9         1
 20000045  B                                   1347             2858                 47.1         1
 20000046  B                                   1464             3130                 46.8         1
 20000047  B                                   1669             2356                 70.8         1
 20000048  B                                   1469             2352                 62.5         1
 20000049  B                                   1335             2192                 60.9         1
 20000050  B                                   1173             2509                 46.8         1
 20000051  B                                   2320             4122                 56.3         1
 20000053  B                                   1767             3110                 56.8         1
 20000054  B                                   2127             4260                 49.9         1
 20000055  B                                   1249             2351                 53.1         1
 20000057  B                                   2445             5620                 43.5         1
 20000058  B                                   2478             4685                 52.9         1
 20000060  B                                   2010             5129                 39.2         1
 20000065  B                                    915             1809                 50.6         1
 20000066  C                                   5064             8443                 60           1
 20000067  B                                   2803             5216                 53.7         1
 20000068  B                                   1491             2985                 49.9         1
 20000071  B                                    885             1362                 65           1
 20000072  B                                    591             1219                 48.5         1
 20000073  B                                   1260             2539                 49.6         1
 20000074  B                                   1649             3867                 42.6         1
 20000075  B                                   1887             3876                 48.7         1
 20000076  C                                   1588             2736                 58           1
 20000077  C                                   2370             4865                 48.7         1
 20000079  B                                     60              102                 58.8         1
 20000080  C                                   8362            10731                 77.9         1
 20000081  B                                   2455             4964                 49.5         1
 20000083  B                                   1520             3062                 49.6         1
 20000084  B                                   1435             2663                 53.9         1
 20000085  B                                   1741             3132                 55.6         1
 20000086  B                                   1911             3106                 61.5         1
 20000089  B                                   3207             7265                 44.1         1
 20000092  B                                   2121             3992                 53.1         1
 20000093  B                                   1260             1541                 81.8         1
 20000094  B                                   1197             2300                 52           1
 20000095  B                                    860             2077                 41.4         1
 20000098  B                                    933             1721                 54.2         1
 20000099  B                                   1674             3237                 51.7         1
 20000100  B                                   1612             3236                 49.8         1
 20000101  B                                   2389             5564                 42.9         1
 20000104  C                                   1136             2707                 42           1
 20000105  B                                   1910             5258                 36.3         1
 20000107  B                                   1944             3041                 63.9         1
 20000108  C                                   3303             5502                 60           1
 20000109  B                                   2128             3024                 70.4         1
 20000111  B                                   1847             2863                 64.5         1
 20000112  C                                   2107             4237                 49.7         1
 20000113  B                                   1814             3616                 50.2         1
 20000114  B                                   2361             3844                 61.4         1
 20000116  B                                   2130             4486                 47.5         1
 20000118  B                                   1594             3380                 47.2         1
 20000119  B                                   1587             3353                 47.3         1
 20000120  B                                   3141             5628                 55.8         1
 20000121  C                                    676             1377                 49.1         1
 20000123  B                                   1914             3619                 52.9         1
 20000126  B                                   1797             3048                 59           1
 20000128  B                                   1436             2695                 53.3         1
 20000129  B                                   3495             7608                 45.9         1
 20000131  B                                   1666             2880                 57.8         1
 20000136  C                                   2809             5667                 49.6         1
 20000137  B                                   2148             3858                 55.7         1
 20000138  B                                   1773             3339                 53.1         1
 20000140  B                                   3844             6313                 60.9         1
 20000142  B                                   1943             4406                 44.1         1
 20000144  B                                   1705             2438                 69.9         1
 20000146  B                                   1918             3330                 57.6         1
 20000148  B                                   1662             3261                 51           1
 20000151  B                                   2141             3622                 59.1         1
 20000152  B                                   1016             2260                 45           1
 20000153  B                                   2370             4922                 48.2         1
 20000154  B                                   3005             5707                 52.7         1
 20000156  B                                   1838             3072                 59.8         1
 20000157  A                                   1909             4452                 42.9         1
 20000158  B                                   1837             3363                 54.6         1
 20000159  C                                   1146             2504                 45.8         1
 20000160  B                                   2400             4094                 58.6         1
 20000161  B                                   1966             3929                 50           1
 20000163  C                                   2185             3482                 62.8         1
 20000166  B                                   1967             4701                 41.8         1
 20000167  A                                   2123             5805                 36.6         1
 20000170  B                                      6               10                 60           1
 20000171  B                                   2942             6264                 47           1
 20000172  A                                    806             1936                 41.6         1
 20000173  B                                   2398             5693                 42.1         1
 20000174  B                                   2072             3167                 65.4         1
 20000177  B                                   2066             2625                 78.7         1
 20000178  B                                   1651             3236                 51           1
 20000179  B                                   2597             6430                 40.4         1
 20000180  B                                   1432             2117                 67.6         1
 20000184  B                                   2555             4388                 58.2         1
 20000185  B                                    434              676                 64.2         1
 20000186  B                                   1370             3493                 39.2         1
 20000187  B                                   2281             4291                 53.2         1
 20000188  B                                   2217             4245                 52.2         1
 20000189  B                                   1266             3095                 40.9         1
 20000190  B                                   1422             2381                 59.7         1
 20000192  B                                   1902             3694                 51.5         1
 20000195  B                                   3262             6011                 54.3         1
 20000196  C                                   1810             4862                 37.2         1
 20000197  B                                   2411             4549                 53           1
 20000198  B                                   1552             3093                 50.2         1
 20000199  B                                   3293             6193                 53.2         1
 20000201  B                                   1924             3726                 51.6         1
 20000205  C                                    872             1344                 64.9         1
 20000206  B                                   1678             2959                 56.7         1
 20000207  C                                   1829             4123                 44.4         1
 20000213  B                                   1463             2371                 61.7         1
 20000215  B                                   1935             4090                 47.3         1
 20000216  B                                   2393             5602                 42.7         1
 20000217  B                                   1219             2250                 54.2         1
 20000222  B                                   1874             2553                 73.4         1
 20000224  B                                   2243             4189                 53.5         1
 20000225  C                                    527             1440                 36.6         1
 20000226  B                                   1504             2742                 54.9         1
 20000229  B                                   2010             3761                 53.4         1
 20000230  B                                   1634             2666                 61.3         1
 20000231  B                                   1295             3055                 42.4         1
 20000233  B                                   3304             6313                 52.3         1
 20000235  B                                   3213             6410                 50.1         1
 20000239  B                                   2425             6027                 40.2         1
 20000242  B                                   2463             5092                 48.4         1
 20000243  B                                   1820             3514                 51.8         1
 20000245  B                                   2356             5032                 46.8         1
 20000246  B                                   1325             2065                 64.2         1
 20000247  B                                   1391             3350                 41.5         1
 20000248  B                                    275              380                 72.4         1
 20000249  B                                   2423             6102                 39.7         1
 20000250  B                                   1795             3105                 57.8         1
 20000251  B                                   1938             3552                 54.6         1
 20000252  B                                   1904             4879                 39           1
 20000254  B                                   2638             4721                 55.9         1
 20000255  B                                   2058             3868                 53.2         1
 20000256  B                                   2041             4782                 42.7         1
 20000257  B                                   1199             2038                 58.8         1
 20000258  A                                   1223             2894                 42.3         1
 20000260  B                                   1856             4472                 41.5         1
 20000261  B                                   1697             3235                 52.5         1
 20000263  B                                   3061             6404                 47.8         1
 20000264  C                                      2                2                100           1
 20000267  B                                   1954             3625                 53.9         1
 20000268  B                                   2828             4620                 61.2         1
 20000269  B                                   2465             5656                 43.6         1
 20000271  B                                   2207             4109                 53.7         1
 20000272  B                                   1566             3115                 50.3         1
 20000273  B                                   3428             5871                 58.4         1
 20000276  C                                   3428             5908                 58           1
 20000279  A                                   1326             2780                 47.7         1
 20000280  B                                   1727             4151                 41.6         1
 20000281  B                                   1735             2584                 67.1         1
 20000285  B                                   3550             5398                 65.8         1
 20000286  C                                   1337             2842                 47           1
 20000288  B                                   1886             3821                 49.4         1
 20000289  B                                    887             1707                 52           1
 20000294  B                                   1293             1970                 65.6         1
 20000295  B                                   1217             2994                 40.6         1
 20000296  B                                   1367             2490                 54.9         1
 20000297  C                                   2626             4576                 57.4         1
 20000303  B                                   2640             4486                 58.8         1
 20000304  C                                   3995             6505                 61.4         1
 20000305  B                                   2967             5333                 55.6         1
 20000307  C                                   3325             7497                 44.4         1
 20000308  B                                   2828             5147                 54.9         1
 20000309  B                                   1730             3942                 43.9         1
 20000310  C                                   2699             4668                 57.8         1
 20000311  B                                   2268             4514                 50.2         1
 20000312  C                                    406              585                 69.4         1
 20000314  B                                   1520             3084                 49.3         1
 20000315  B                                    878             1344                 65.3         1
 20000319  B                                   1563             2603                 60           1
 20000320  C                                   2777             6146                 45.2         1
 20000321  B                                   2117             3988                 53.1         1
 20000324  B                                   3027             5370                 56.4         1
 20000325  B                                   3644             6459                 56.4         1
 20000326  B                                   1805             3033                 59.5         1
 20000327  B                                   2204             2820                 78.2         1
 20000328  B                                   3456             5934                 58.2         1
 20000329  B                                   1207             2914                 41.4         1
 20000330  B                                   1372             2210                 62.1         1
 20000331  B                                   2393             3507                 68.2         1
 20000332  B                                   2187             3737                 58.5         1
 20000333  B                                   2319             5027                 46.1         1
 20000334  B                                   2197             3468                 63.4         1
 20000337  C                                   2427             5729                 42.4         1
 20000338  B                                   2108             4707                 44.8         1
 20000340  B                                   1152             1968                 58.5         1
 20000341  B                                   2337             5109                 45.7         1
 20000342  B                                   1313             2837                 46.3         1
 20000343  B                                   2488             4078                 61           1
 20000344  B                                   1900             4241                 44.8         2
 20000345  B                                   3434             5363                 64           1
 20000346  A                                   1170             2691                 43.5         1
 20000347  B                                   1232             2814                 43.8         1
 20000349  B                                   1751             3460                 50.6         1
 20000351  C                                   3285             5480                 59.9         1
 20000352  B                                   1540             2783                 55.3         1
 20000353  A                                   1214             3169                 38.3         1
 20000356  C                                   2076             4589                 45.2         1
 20000359  B                                   3318             5898                 56.3         1
 20000360  B                                   2898             5685                 51           1
 20000361  B                                   2193             4674                 46.9         1
 20000362  B                                   1481             2946                 50.3         1
 20000363  C                                   2118             3982                 53.2         1
 20000364  C                                   4563             7821                 58.3         1
 20000367  B                                   2988             6217                 48.1         1
 20000370  B                                   2432             4640                 52.4         1
 20000372  C                                   2856             6535                 43.7         1
 20000373  B                                    987             1932                 51.1         1
 20000376  C                                   2001             4629                 43.2         1
 20000377  B                                   1293             2476                 52.2         1
 20000380  B                                   1533             3537                 43.3         1
 20000381  B                                   1763             4139                 42.6         1
 20000383  B                                   1556             2996                 51.9         1
 20000384  B                                   1676             3515                 47.7         1
 20000386  B                                   2178             3446                 63.2         1
 20000387  B                                   1693             3992                 42.4         1
 20000388  B                                   1651             3714                 44.5         1
 20000389  B                                   1583             4148                 38.2         1
 20000391  B                                   2299             4376                 52.5         1
 20000392  B                                   2533             4107                 61.7         1
 20000393  B                                   1440             2800                 51.4         1
 20000395  C                                   3021             5519                 54.7         1
 20000397  B                                   1102             1694                 65.1         1
 20000398  B                                   2123             5373                 39.5         1
 20000400  B                                   1527             3437                 44.4         1
 20000403  C                                   4758             9236                 51.5         1
 20000406  B                                   2580             5702                 45.2         1
 20000407  B                                    824             1459                 56.5         1
 20000408  B                                   1088             2619                 41.5         1
 20000409  B                                   2178             4499                 48.4         1
 20000410  B                                   1346             2890                 46.6         1
 20000419  B                                   1958             3754                 52.2         1
 20000421  B                                   2166             3771                 57.4         1
 20000423  B                                   2700             5147                 52.5         1
 20000424  B                                   2721             7176                 37.9         1
 20000426  B                                   2051             2950                 69.5         1
 20000429  B                                   2802             4243                 66           1
 20000430  B                                   2175             4403                 49.4         1
 20000431  B                                   2565             4818                 53.2         1
 20000432  C                                   1195             2658                 45           1
 20000434  B                                   2550             4425                 57.6         1
 20000435  B                                   2977             5888                 50.6         1
 20000436  C                                   2304             5561                 41.4         1
 20000440  B                                   2146             3722                 57.7         1
 20000443  B                                    757             1565                 48.4         1
 20000446  B                                   2955             5300                 55.8         1
 20000448  B                                   1326             2054                 64.6         1
 20000449  B                                    526              981                 53.6         1
 20000450  B                                   2982             6284                 47.5         1
 20000451  B                                   2124             3967                 53.5         1
 20000452  B                                   1643             2679                 61.3         1
 20000453  B                                   1796             4023                 44.6         1
 20000454  B                                   2187             4711                 46.4         1
 20000455  C                                   2333             4875                 47.9         1
 20000456  C                                   1210             2131                 56.8         1
 20000458  B                                   1100             2348                 46.8         1
 20000460  B                                   1862             3102                 60           1
 20000463  C                                   2133             5136                 41.5         1
 20000464  B                                   1076             2193                 49.1         1
 20000465  B                                   1508             4234                 35.6         1
 20000467  C                                   2674             3675                 72.8         1
 20000468  B                                   1458             2347                 62.1         1
 20000470  B                                   1731             3259                 53.1         1
 20000472  B                                   2929             5999                 48.8         1
 20000473  B                                   2256             5028                 44.9         1
 20000476  B                                   2617             6049                 43.3         1
 20000477  C                                   1285             2250                 57.1         1
 20000480  B                                   1593             4568                 34.9         1
 20000481  B                                   2124             4032                 52.7         1
 20000482  B                                   2458             4532                 54.2         1
 20000483  C                                   3461             7729                 44.8         1
 20000484  B                                   1210             2565                 47.2         1
 20000486  B                                   2260             5695                 39.7         1
 20000487  B                                   1040             1802                 57.7         1
 20000488  A                                   1673             4643                 36           1
 20000492  B                                   3628             7171                 50.6         1
 20000494  C                                   1509             3141                 48           1
 20000495  B                                   1457             2396                 60.8         1
 20000496  C                                   1510             2866                 52.7         1
 20000497  B                                   2161             4177                 51.7         1
 20000499  B                                   1268             2460                 51.5         1
 20000500  B                                   2129             2671                 79.7         1
 20000502  B                                   1287             3421                 37.6         1
 20000503  B                                   2823             6052                 46.6         1
 20000504  B                                   1624             2434                 66.7         1
 20000506  B                                   2381             4010                 59.4         1
 20000507  B                                   1239             2589                 47.9         1
 20000508  B                                   1537             3381                 45.5         1
 20000509  C                                   1673             3275                 51.1         1
 20000510  C                                    387              681                 56.8         1
 20000513  B                                   1934             3898                 49.6         1
 20000514  B                                   3428             5452                 62.9         1
 20000515  B                                   2229             3484                 64           1
 20000516  B                                   1609             2795                 57.6         1
 20000517  B                                   3088             5467                 56.5         1
 20000518  B                                   2725             4680                 58.2         1
 20000520  C                                   2490             4960                 50.2         1
 20000521  B                                   1408             1971                 71.4         1
 20000523  B                                   1281             2456                 52.2         1
 20000524  B                                   2219             4305                 51.5         1
 20000525  B                                   2295             5083                 45.2         1
 20000527  B                                   1422             3059                 46.5         1
 20000529  C                                   3948             6937                 56.9         1
 20000534  C                                   1490             2122                 70.2         1
 20000535  B                                    822             1290                 63.7         1
 20000539  B                                   1132             2065                 54.8         1
 20000540  C                                   2522             5577                 45.2         1
 20000541  B                                   2287             4097                 55.8         1
 20000542  B                                   3486             5833                 59.8         1
 20000543  C                                    834             2167                 38.5         1
 20000545  B                                    728             1257                 57.9         1
 20000546  B                                   1835             3515                 52.2         1
 20000547  B                                   1345             2262                 59.5         1
 20000548  C                                   1658             3788                 43.8         1
 20000549  B                                   2042             3797                 53.8         1
 20000554  B                                   2298             3991                 57.6         1
 20000557  B                                   1796             2858                 62.8         1
 20000560  B                                   2767             5752                 48.1         1
 20000561  B                                   2629             5479                 48           1
 20000562  B                                   1919             3174                 60.5         1
 20000565  B                                   1639             3822                 42.9         1
 20000569  C                                   2378             3995                 59.5         1
 20000570  B                                   1615             3883                 41.6         1
 20000571  B                                   2192             4199                 52.2         1
 20000572  B                                   1980             3389                 58.4         1
 20000574  C                                   3419             5929                 57.7         1
 20000576  B                                   2197             3540                 62.1         1
 20000577  B                                   2402             5278                 45.5         1
 20000578  B                                   1759             3115                 56.5         1
 20000579  B                                    416              766                 54.3         1
 20000585  B                                    156              298                 52.3         1
 20000586  B                                    798             1509                 52.9         1
 20000588  B                                   2032             4250                 47.8         1
 20000589  B                                   2942             4744                 62           1
 20000591  B                                   2186             4928                 44.4         1
 20000594  B                                   2086             3589                 58.1         1
 20000595  B                                   1969             4527                 43.5         1
 20000596  B                                   1903             3978                 47.8         1
 20000597  B                                   1543             3255                 47.4         1
 20000598  C                                   1697             4428                 38.3         1
 20000600  B                                   2673             5506                 48.5         1
 20000601  C                                   3120             5434                 57.4         1
 20000602  A                                   1090             2927                 37.2         1
 20000603  B                                   1258             2590                 48.6         1
 20000604  B                                   1720             2821                 61           1
 20000605  B                                   1675             3346                 50.1         1
 20000606  B                                   1393             2324                 59.9         1
 20000607  C                                   2032             3515                 57.8         1
 20000608  B                                   1503             2773                 54.2         1
 20000609  B                                    257              587                 43.8         1
 20000610  C                                   1636             3223                 50.8         1
 20000611  B                                   2910             5280                 55.1         1
 20000612  B                                   2975             5090                 58.4         1
 20000615  B                                    989             1734                 57           1
 20000616  C                                   3749             6924                 54.1         1
 20000617  B                                   2943             5496                 53.5         1
 20000618  B                                   2821             5737                 49.2         1
 20000619  B                                   1547             3106                 49.8         1
 20000620  C                                    983             2391                 41.1         1
 20000621  B                                   3390             7276                 46.6         1
 20000623  B                                   1598             2729                 58.6         1
 20000624  B                                   3658             5845                 62.6         1
 20000625  B                                   2956             5869                 50.4         1
 20000626  B                                   3237             5939                 54.5         1
 20000632  B                                   2980             5782                 51.5         1
 20000633  B                                   3251             5332                 61           1
 20000634  B                                    559             1608                 34.8         1
 20000640  B                                   3062             5896                 51.9         1
 20000648  B                                   3249             6190                 52.5         1
 20000649  B                                   2422             5513                 43.9         1
 20000651  C                                   1546             3594                 43           1
 20000653  B                                   2922             6070                 48.1         1
 20000657  C                                   1652             4562                 36.2         1
 20000658  C                                   2363             5024                 47           1
 20000662  B                                   2964             5125                 57.8         1
 20000663  B                                   2430             5245                 46.3         1
 20000664  C                                   1804             4447                 40.6         1
 20000665  C                                   3484             5124                 68           1
 20000667  B                                   2316             3850                 60.2         1
 20000668  C                                   1799             3178                 56.6         1
 20000669  B                                   1625             2479                 65.6         1
 20000670  C                                   1387             1922                 72.2         1
 20000671  B                                   2816             5550                 50.7         1
 20000672  B                                   2101             4663                 45.1         1
 20000674  B                                   2130             3512                 60.6         1
 20000675  C                                   2603             5670                 45.9         1
 20000676  B                                   1481             2825                 52.4         1
 20000678  B                                   3181             6538                 48.7         1
 20000680  B                                   2919             5023                 58.1         1
 20000681  B                                   1361             2477                 54.9         1
 20000682  B                                   1670             2535                 65.9         1
 20000684  C                                   2361             4637                 50.9         1
 20000685  B                                   1118             2345                 47.7         1
 20000686  B                                   3878             6215                 62.4         1
 20000687  B                                   1948             4105                 47.5         1
 20000688  C                                   2512             5776                 43.5         1
 20000692  C                                    639             1699                 37.6         1
 20000693  C                                   1008             1775                 56.8         1
 20000695  B                                    844             1767                 47.8         1
 20000697  B                                   1940             3043                 63.8         1
 20000698  B                                   1452             2583                 56.2         1
 20000900  B                                   2033             3338                 60.9         1
 20000901  C                                   1695             4550                 37.3         1
 20000902  B                                    422             1068                 39.5         1
 20000903  B                                   1070             2414                 44.3         1
 20000904  C                                   3026             5037                 60.1         1
 20000911  C                                      2                2                100           1
 20000931  A                                      1                1                100           1
 20000940  A                                      1                1                100           1
 20000941  A                                      9               16                 56.3         1
 20000969  C                                     61               61                100           1
 20000970  C                                      1                1                100           1
 20000980  C                                      5                5                100           1
 20000981  C                                     19               19                100           1
